function [q_hcr3,q_hcr5,q_hcr12] = pick_random_angle()

N = 40;
idx_3 = randi([1,N-2]);
idx_5 = randi([1,N]);
idx_12 = randi([1,N]);

q_3 = [95.08954078	-54.97770289	-153.075053	35.36770488	17.21412323	-74.77073135
    62.00611259	-107.7005397	-68.04845722	-4.241817113	47.62313332	-72.35657885
    27.41819066	-100.7552733	-97.20253626	19.21060346	80.10917544	-73.69075572
    32.79916898	-93.33677719	-120.8766629	36.34311273	106.3256613	-88.20859863
    29.19702603	-96.1448307	-59.54477005	-25.55148553	91.95694256	-78.76335474
    59.67303926	-75.27988552	-84.68661014	-20.97209836	93.58839729	-73.04116605
    90.36843161	-45.9768768	-97.51138504	-38.78336787	31.15056275	-61.20029722
    15.52149193	-86.50389902	-75.17596021	-19.5354963	131.9722219	-83.16011048
    28.2740493	-57.78349176	-97.86710719	-25.33373632	119.3321647	-84.09422721
    16.4145928	-61.26283716	-131.4742467	13.92796455	103.982917	-63.993675
    8.683528845	-104.6562584	-96.85645179	24.12934759	146.4721303	-77.24385379
    13.02107831	-131.3908318	-29.88985609	-19.26935892	141.4763291	-88.56430597
    45.46107929	-38.19220299	-127.8114776	-13.73685653	112.0313421	-65.01718724
    67.29179644	-84.10356514	-128.2478079	35.58833619	37.5003564	-79.36423605
    54.52673604	-92.71602372	-94.15369633	7.480381431	66.59450707	-63.6885706
    56.66140035	-45.16206013	-117.5830651	-17.42140252	69.23573406	-81.08139287
    4.009085963	-43.0848658	-123.6325025	-13.11706239	130.5925751	-67.90110931
    6.424793984	-195.6230969	56.16309134	-38.51245367	150.0350081	-80.49746964
    93.73513436	-70.8474439	-119.1189974	13.72669983	13.29428853	-68.80447612
    48.13938963	-80.69840987	-128.7408125	31.29697519	81.35529058	-87.35109851
    43.31160283	-53.18397334	-94.79992869	-33.1612069	88.32555644	-63.85661526
    10.6477159	-128.2882231	-76.07586647	27.194893	133.0637648	-78.88541294
    35.67774624	-142.6642019	-60.97034979	26.46588873	116.6579665	-82.36968766
    52.97337879	-59.76190932	-96.5915344	-24.53858835	79.62629845	-77.94023427
    64.25435826	-90.52863315	-80.47628665	-9.566129705	43.32117135	-89.28440673
    61.4277104	-77.03363735	-124.8596142	23.9960907	44.29046217	-85.11594533
    62.18968213	-101.7656548	-85.19282901	7.777697597	48.98645757	-82.03818232
    53.16292536	-75.44512922	-91.56285943	-13.58124887	67.0262229	-66.87651525
    49.12001741	-45.4969828	-112.7772992	-22.14059424	80.56863856	-88.90471758
    55.50034935	-56.50367962	-95.7170167	-28.95614906	60.04958009	-60.75477006
    60.43282023	-81.43991418	-127.7738285	31.10865028	74.67290467	-72.47342834
    81.13475307	-93.845349	-116.29269	37.08406131	15.60469963	-88.37630821
    113.5569036	-56.03203203	-153.5441224	21.87548934	-16.65980231	-59.84250477
    3.027818834	-140.0377118	-16.24704289	-24.24347381	137.8759543	-83.15252321
    110.7175415	-48.35312698	-127.9477663	-9.678957493	-5.173927897	-74.14528689
    36.5170981	-62.77992628	-103.0692748	-14.56530088	96.55443331	-74.56198467
    36.8221598	-61.92724229	-92.73001346	-26.37418032	76.63947983	-82.2316491
    70.45888069	-68.61464177	-103.4749514	-8.110080988	51.80590117	-72.68923929
    ]';

q_5 = [33.38610561	-62.98889586	-107.1370606	-14.6611193	68.48492413	-65.74187846
    53.17727866	-88.28768908	-100.213925	3.6272266	51.72585332	-69.84921919
    4.951264164	-116.2875204	-87.54297984	21.0347467	133.5919601	-69.4727154
    11.16205972	-126.1561842	-78.0535719	22.70211778	94.67326839	-80.44386057
    31.94589837	-117.5234778	-109.0367371	46.09969994	103.1011883	-67.90303491
    64.08329687	-122.5495164	-122.0494389	66.3202711	22.48326518	-85.08493053
    10.16220586	-96.14412174	-122.6488087	37.24392097	104.0891	-84.56756331
    41.79122236	-99.65953013	-110.8541088	28.316735	70.64294764	-80.77365736
    36.57435818	-112.3601287	-125.6993425	57.97106818	83.20691473	-76.24632469
    3.219927138	-113.9642619	-129.3326948	63.59552819	142.5343977	-73.18145166
    47.072421	-82.39292548	-104.6104179	2.906982506	70.52007753	-61.01095079
    45.1223714	-108.0002801	-87.80883731	12.76514042	92.15674943	-77.54924053
    58.57135977	-89.91423783	-85.97359648	-9.876864095	57.66420245	-75.51853983
    10.66561402	-135.7561458	-49.86416446	2.083952875	137.6265251	-82.01330412
    48.52629356	-105.4367593	-76.77282825	-2.833661896	57.44243736	-78.07529361
    32.181352	-121.5292662	-90.15820451	30.33046024	115.4976869	-89.98050316
    28.16516889	-129.7299491	-62.19896044	9.470376741	109.0142785	-73.18155712
    39.61735717	-106.281234	-68.73483327	-9.969735776	105.4324237	-90.97748589
    39.96366671	-125.7645059	-82.71182764	27.17234025	70.95465007	-76.09415917
    20.90456741	-119.748716	-73.68941344	9.978872988	127.5083786	-70.19308452
    37.61538876	-112.7564236	-91.9620601	22.4726087	105.6765699	-72.66586643
    58.26723188	-97.07838203	-85.94703245	-5.293012403	30.90822338	-71.01464229
    44.62309497	-123.5998473	-86.05581842	28.34613183	76.39900025	-88.86418126
    18.69184577	-108.7867562	-69.48373104	-6.940844458	121.9499231	-68.16390748
    53.33785728	-108.1782338	-111.7053863	37.8554341	37.32329124	-85.23362959
    26.06190983	-104.9261616	-129.4447544	53.83275489	66.24865204	-65.42616677
    13.50948409	-102.8504195	-148.8677771	71.81270659	113.0724946	-74.79396961
    29.59142845	-80.66923555	-97.6400778	-6.192324121	94.75482773	-62.83812312
    27.02321437	-124.8260781	-73.57270016	16.26890859	78.19045616	-87.63415285
    51.09802124	-119.3976863	-54.7650665	-13.33876308	36.28250881	-55.25325058
    17.77039821	-117.8448109	-145.079755	83.75801556	106.1650249	-82.06673191
    24.82384421	-123.0548995	-123.1233246	66.96736897	111.1751231	-73.71666782
    14.00940053	-109.9549914	-88.24579863	15.40970856	77.09420859	-63.58440917
    45.18861286	-104.5574837	-111.8961721	34.60099489	57.39015694	-75.32572667
    27.92349518	-79.42787172	-112.5955808	8.630914026	98.13658284	-87.15581478
    39.10607547	-104.1346164	-68.55499725	-12.50062785	77.27317879	-76.56344387
    29.7541216	-105.5766271	-84.58814136	6.604870601	89.17403543	-59.35901576
    15.02141453	-122.8318988	-98.88471145	41.18309143	120.8596441	-67.98441747
    6.882403811	-126.8341802	-46.37735019	-12.23155898	132.5169367	-80.1052945
    17.81541701	-120.2108448	-71.16447887	8.147435919	116.1970633	-71.73488924
    ]';

