function [hcr3params,hcr5params,hcr12params] = HCR_1gen_parameters

% HCR3 2 generation (units - [rad] , [m] , [kg], [kg.m^2] )
hcr3params.dh.theta = [0, 0, 0, 0, 0, 0]'; 
hcr3params.dh.thetaOffset = [0, 0, 0, 0, 0, 0]'; 
hcr3params.dh.d = [0.1396, 0, 0, 0.1486, 0.1475, 0.1520]';
hcr3params.dh.a = [0, -0.2010, -0.2815, 0, 0, 0]';
hcr3params.dh.alpha = [pi/2, 0, 0, pi/2, -pi/2, 0]';
hcr3params.dyn.m = {3.1081    5.2467    2.1843    1.2469    1.2466    0.2086}';
hcr3params.dyn.rc = {
    [-8.4758e-7, -4.7794e-2, 5.7033e-3]',...
    [1.0582e-1, 1.5303e-5, 1.2289e-1]',...
    [9.4561e-2, 1.8902e-5, 3.3708e-2]',...
    [2.9619e-4, -3.4059e-3, 4.9240e-2]',...
    [1.7747e-6, 3.4194e-3, 4.9229e-2]',... 
    [9.4384e-5, -4.7031e-4, -2.5917e-2]'}; % [rc_x; rc_y; rc_z]
hcr3params.dyn.Ic = {
    [1.16161e-2; 2.7571e-6; -4.1940e-6; 2.7571e-6; 3.1135e-3; 3.7877e-5; -4.1940e-6; 3.7877e-5; 1.1100e-2],...
    [8.9371e-2; -4.9835e-3; -6.8354e-2; -4.9835e-3; 1.9322e-1; -1.3466e-5; -6.8354e-2; -1.3466e-5; 1.0859e-1], ...
    [6.3678e-3; 1.6062e-6; -2.6868e-3; 1.6062e-6; 5.5388e-2; -1.1094e-6; -2.6868e-3; -1.1094e-6; 5.0606e-2],...
    [5.0558e-3; 1.0258e-5; 1.3542e-7; 1.0258e-5; 4.9304e-3; 3.9124e-6; 1.3542e-7; 3.9124e-6; 7.9164e-4], ...
    [5.0539e-3; -7.8235e-7; -4.7617e-7; -7.8235e-7; 4.9269e-3; -3.8854e-6;  -4.7617e-7; -3.8854e-6; 7.9164e-4], ...
    [2.7741e-4;  -2.6225e-7; 2.7512e-7;  -2.6225e-7; 2.7680e-4; -4.1226e-6; 2.7512e-7; -4.1226e-6; 1.4357e-4]}; % [Ic_xx; Ic_yy; Ic_zz; Ic_xy; Ic_yz; Ic_zx] 
hcr3params.home = [0, -pi/2, -pi/2, -pi/2, pi/2, 0]';

% HCR5 1 generation
hcr5params.dh.theta = [0, 0, 0, 0, 0, 0]';
hcr5params.dh.thetaOffset = [0, 0, 0, 0, 0, 0]';
hcr5params.dh.d = [0.1490, 0, 0, 0.1705, 0.1515, 0.1325]';
hcr5params.dh.a = [0, -0.4250, -0.3385, 0, 0, 0]';
hcr5params.dh.alpha = [pi/2, 0, 0, pi/2, -pi/2, 0]';
hcr5params.dyn.m = { 4.4018, 14.5906, 2.8375, 1.6783, 1.6783, 0.2936}';
hcr5params.dyn.rc = {
    [1.0311e-5, -6.3528e-2, 4.3604e-3]',...
    [2.1245e-1, 8.0521e-6, 1.3925e-1]',...
    [1.0245e-1, 1.9703e-5, 4.5600e-2]',...
    [2.8815e-5, -4.4396e-3, 4.3041e-2]',...
    [-2.8815e-5, 4.4396e-3, 4.3041e-2]',...
    [3.1447e-5, -8.1082e-5, -2.1217e-2]'}; % [rc_x; rc_y; rc_z]
hcr5params.dyn.Ic = {
    [0.0112520000000000,7.58310000000000e-07,-3.69750000000000e-06,7.58310000000000e-07,0.00793350000000000,-0.00113700000000000,-3.69750000000000e-06,-0.00113700000000000,0.0105490000000000]',...
    [0.0906930000000000,2.02610000000000e-05,0.125670000000000,2.02610000000000e-05,0.745000000000000,-1.08070000000000e-06,0.125670000000000,-1.08070000000000e-06,0.678080000000000]',...
    [0.00521210000000000,1.02510000000000e-05,0.00641730000000000,1.02510000000000e-05,0.0541000000000000,-1.92250000000000e-06,0.00641730000000000,-1.92250000000000e-06,0.0519680000000000]',...
    [0.00259610000000000,-5.09350000000000e-06,-1.92840000000000e-06,-5.09350000000000e-06,0.00235940000000000,-0.000300620000000000,-1.92840000000000e-06,-0.000300620000000000,0.00154750000000000]',...
    [0.00259610000000000,-5.09540000000000e-06,-1.92840000000000e-06,-5.09540000000000e-06,0.00235940000000000,-0.000300620000000000,-1.92840000000000e-06,-0.000300620000000000,0.00154750000000000]',...
    [0.000233690000000000,1.47400000000000e-06,-2.61200000000000e-07,1.47400000000000e-06,0.000231250000000000,-1.09780000000000e-06,-2.61200000000000e-07,-1.09780000000000e-06,0.000375210000000000]'}; % [Ic_xx; Ic_yy; Ic_zz; Ic_xy; Ic_yz; Ic_zx] 
hcr5params.home = [0, -pi/2, -pi/2, -pi/2, pi/2, 0]';

% HCR12 1 generation
hcr12params.dh.theta = [0, 0, 0, 0, 0, 0]';
hcr12params.dh.thetaOffset = [0, pi/2, 0, 0, 0, 0]';
hcr12params.dh.d = [0.310, 0, 0, 0.591, 0, 0.2235]';
hcr12params.dh.a = [0.100, 0.600, 0.105, 0, 0, 0]';
hcr12params.dh.alpha = [pi/2, 0, pi/2, -pi/2, pi/2, 0]';
hcr12params.dyn.m = {0, 17.4, 4.8, 0.82, 0.34, 0.09}';
hcr12params.dyn.rc = {
    [-19.37e-3, -6.252e-3, -87.24e-3]',...
    [-343.8e-3, -0.05551e-3, -204.7e-3]',...
    [-64.83e-3, -36.82e-3, 27.39e-3]',...
    [0.03432e-3, 282.0e-3, 83.45e-3]',...
    [-0.07967e-3, 50.27e-3, 53.12e-3]',...
    [-0.3343e-3, 0.3534e-3, -24.21e-3]'}; % [rc_x; rc_y; rc_z]
hcr12params.dyn.Ic = {
    [0.202800000000000,-0.00815700000000000,-0.000650400000000000,-0.00815700000000000,0.225700000000000,0.000179500000000000,-0.000650400000000000,0.000179500000000000,0.0787300000000000]',...
    [0.307700000000000,-8.55900000000000e-05,-0.512000000000000,-8.55900000000000e-05,1.47600000000000,-5.54300000000000e-05,-0.512000000000000,-5.54300000000000e-05,1.19100000000000]',...
    [0.0697100000000000,-0.0356000000000000,0.000489900000000000,-0.0356000000000000,0.102300000000000,3.06000000000000e-05,0.000489900000000000,3.06000000000000e-05,0.107000000000000]',...
    [0.398700000000000,-4.76600000000000e-05,8.44500000000000e-07,-4.76600000000000e-05,0.0443000000000000,-0.0499700000000000,8.44500000000000e-07,-0.0499700000000000,0.358800000000000]',...
    [0.0778000000000000,2.99700000000000e-05,-8.05200000000000e-06,2.99700000000000e-05,0.0457100000000000,-8.86400000000000e-05,-8.05200000000000e-06,-8.86400000000000e-05,0.0377300000000000]',...
    [0.000539800000000000,6.03100000000000e-06,-2.77300000000000e-06,6.03100000000000e-06,0.000549300000000000,7.07700000000000e-06,-2.77300000000000e-06,7.07700000000000e-06,0.000512900000000000]'}; % [Ic_xx; Ic_yy; Ic_zz; Ic_xy; Ic_yz; Ic_zx] 
hcr12params.home = [0, 0, 0, 0, 0, 0]';

end