function [hcr3params,hcr5params,hcr12params] = HCR_2gen_parameters

% HCR3 1 generation (units - [rad] , [m] , [kg], [kg.m^2] )
hcr3params.dh.theta = [0, 0, 0, 0, 0, 0]'; 
hcr3params.dh.thetaOffset = [0, 0, 0, 0, 0, 0]'; 
hcr3params.dh.d = [0.1396, 0, 0, 0.1486, 0.1475, 0.1520]';
hcr3params.dh.a = [0, -0.2010, -0.2815, 0, 0, 0]';
hcr3params.dh.alpha = [pi/2, 0, 0, pi/2, -pi/2, 0]';
hcr3params.dyn.m = {0, 17.4, 4.8, 0.82, 0.34, 0.09}';
hcr3params.dyn.rc = {
    [0, 0, 0]',...
    [-0.3638, 0.006, 0.2275]',...
    [-0.0203, -0.0141, 0.070]',...
    [0, 0.019, 0]',...
    [0, 0, 0]',... 
    [0, 0, 0.032]'}; % [rc_x; rc_y; rc_z]
hcr3params.dyn.Ic = {
    [0.0116161000000000,2.75710000000000e-06,-4.19400000000000e-06,2.75710000000000e-06,0.00311350000000000,3.78770000000000e-05,-4.19400000000000e-06,3.78770000000000e-05,0.0111000000000000]',...
    [0.0893710000000000,-0.00498350000000000,-0.0683540000000000,-0.00498350000000000,0.193220000000000,-1.34660000000000e-05,-0.0683540000000000,-1.34660000000000e-05,0.108590000000000]', ...
    [0.00636780000000000,1.60620000000000e-06,-0.00268680000000000,1.60620000000000e-06,0.0553880000000000,-1.10940000000000e-06,-0.00268680000000000,-1.10940000000000e-06,0.0506060000000000]',...
    [0.00505580000000000,1.02580000000000e-05,1.35420000000000e-07,1.02580000000000e-05,0.00493040000000000,3.91240000000000e-06,1.35420000000000e-07,3.91240000000000e-06,0.000791640000000000]', ...
    [0.00505390000000000,-7.82350000000000e-07,-4.76170000000000e-07,-7.82350000000000e-07,0.00492690000000000,-3.88540000000000e-06,-4.76170000000000e-07,-3.88540000000000e-06,0.000791640000000000]', ...
    [0.000277410000000000,-2.62250000000000e-07,2.75120000000000e-07,-2.62250000000000e-07,0.000276800000000000,-4.12260000000000e-06,2.75120000000000e-07,-4.12260000000000e-06,0.000143570000000000]'}; % [Ic_xx; Ic_yy; Ic_zz; Ic_xy; Ic_xz; Ic_yx] 
hcr3params.home = [0, -pi/2, -pi/2, -pi/2, pi/2, 0]';

% HCR5 1 generation
hcr5params.dh.theta = [0, 0, 0, 0, 0, 0]';
hcr5params.dh.thetaOffset = [0, 0, 0, 0, 0, 0]';
hcr5params.dh.d = [0.1490, 0, 0, 0.1705, 0.1515, 0.1325]';
hcr5params.dh.a = [0, -0.4250, -0.3385, 0, 0, 0]';
hcr5params.dh.alpha = [pi/2, 0, 0, pi/2, -pi/2, 0]';
hcr5params.dyn.m = { 4.4018, 14.5906, 2.8375, 1.6783, 1.6783, 0.2936}';
hcr5params.dyn.rc = {
    [1.0311e-5, -6.3528e-2, 4.3604e-3]',...
    [3.0985e-1, 1.9459e-6, 9.1451e-2]',...
    [1.0245e-1, 1.9703e-5, 4.5600e-2]',...
    [2.8815e-5, -4.4396e-3, 4.3041e-2]',...
    [-2.8815e-5, 4.4396e-3, 4.3041e-2]',...
    [3.1447e-5, -8.1082e-5, -2.1217e-2]'}; % [rc_x; rc_y; rc_z]
hcr5params.dyn.Ic = {
    [0.0112520000000000,7.58310000000000e-07,-3.69750000000000e-06,7.58310000000000e-07,0.00793350000000000,-0.00113700000000000,-3.69750000000000e-06,-0.00113700000000000,0.0105490000000000]',...
    [0.0247470000000000,3.12680000000000e-05,1.06370000000000e-05,3.12680000000000e-05,0.418240000000000,-3.94260000000000e-06,1.06370000000000e-05,-3.94260000000000e-06,0.408560000000000]',...
    [0.00521210000000000,1.02510000000000e-05,0.00641730000000000,1.02510000000000e-05,0.0541000000000000,-1.92250000000000e-06,0.00641730000000000,-1.92250000000000e-06,0.0519680000000000]',...
    [0.00259610000000000,-5.09350000000000e-06,-1.92840000000000e-06,-5.09350000000000e-06,0.00235940000000000,-0.000300620000000000,-1.92840000000000e-06,-0.000300620000000000,0.00154750000000000]',...
    [0.00259610000000000,-5.09540000000000e-06,1.92840000000000e-06,-5.09540000000000e-06,0.00235940000000000,0.000300620000000000,1.92840000000000e-06,0.000300620000000000,0.00154750000000000]',...
    [0.000274360000000000,1.94290000000000e-06,2.02840000000000e-06,1.94290000000000e-06,0.000269930000000000,-5.92540000000000e-06,2.02840000000000e-06,-5.92540000000000e-06,0.000286490000000000]'}; % [Ic_xx; Ic_yy; Ic_zz; Ic_xy; Ic_xz; Ic_yx] 
hcr5params.home = [0, -pi/2, -pi/2, -pi/2, pi/2, 0]';

% HCR12 1 generation
hcr12params.dh.theta = [0, 0, 0, 0, 0, 0]';
hcr12params.dh.thetaOffset = [0, pi/2, 0, 0, 0, 0]';
hcr12params.dh.d = [0.310, 0, 0, 0.591, 0, 0.2235]';
hcr12params.dh.a = [0.100, 0.600, 0.105, 0, 0, 0]';
hcr12params.dh.alpha = [pi/2, 0, pi/2, -pi/2, pi/2, 0]';
hcr12params.dyn.m = {0, 17.4, 4.8, 0.82, 0.34, 0.09}';
hcr12params.dyn.rc = {
    [0, 0, 0]',...
    [-0.3638, 0.006, 0.2275]',...
    [-0.0203, -0.0141, 0.070]'...,
    [0, 0.019, 0]',...
    [0, 0, 0]',...
    [0, 0, 0.032]'}; % [rc_x; rc_y; rc_z]
hcr12params.dyn.Ic = {
    [0.202800000000000,-0.00815700000000000,-0.000650400000000000,-0.00815700000000000,0.225700000000000,0.000179500000000000,-0.000650400000000000,0.000179500000000000,0.0787300000000000]',...
    [0.307700000000000,-8.55900000000000e-05,-0.512000000000000,-8.55900000000000e-05,1.47600000000000,-5.54300000000000e-05,-0.512000000000000,-5.54300000000000e-05,1.19100000000000]',...
    [0.0697100000000000,-0.0356000000000000,0.000489900000000000,-0.0356000000000000,0.102300000000000,3.06000000000000e-05,0.000489900000000000,3.06000000000000e-05,0.107000000000000]',...
    [0.398700000000000,-4.76600000000000e-05,8.44500000000000e-07,-4.76600000000000e-05,0.0443000000000000,-0.0499700000000000,8.44500000000000e-07,-0.0499700000000000,0.358800000000000]',...
    [0.0778000000000000,2.99700000000000e-05,-8.05200000000000e-06,2.99700000000000e-05,0.0457100000000000,-8.86400000000000e-05,-8.05200000000000e-06,-8.86400000000000e-05,0.0377300000000000]',...
    [0.000539800000000000,6.03100000000000e-06,-2.77300000000000e-06,6.03100000000000e-06,0.000549300000000000,7.07700000000000e-06,-2.77300000000000e-06,7.07700000000000e-06,0.000512900000000000]'}; % [Ic_xx; Ic_yy; Ic_zz; Ic_xy; Ic_xz; Ic_yx] 
hcr12params.home = [0, 0, 0, 0, 0, 0]';

end